A* time stamp:
149
3
495
39
292
0
9
20
259
126
141
169
2
15
279
19
226
9
391
92
66
80
2
38
282
101
7
18
80
22
4
50
26
61
10
3
139
109
41
2
1
26
3
139
75
57
15
302
1
630
54
23
291
45
14
73
258
456
77
89
65
61
245
48
997
6
47
755
48
226
649
91
1
1
5
46
127
5
51
513
278
294
2
1
156
8
9
86
331
127
32
4
12
34
45
46
194
1
51
1

Direction Based A* time stamp:
44
3
274
8
366
0
8
32
292
222
53
287
1
16
677
84
173
7
228
45
118
114
2
14
83
84
6
8
47
16
3
45
4
23
26
3
28
82
26
6
1
24
1
1009
22
63
14
134
2
572
15
5
204
36
12
122
297
401
235
76
143
73
523
26
388
8
26
361
137
31
468
29
1
1
4
182
336
5
48
99
103
446
2
1
61
5
6
40
168
59
12
6
14
45
34
19
78
1
35
1
