A* time stamp:
4
70
25
289
233
662
111
60
83
53
215
283
61
100
493
605
95
311
212
277
150
148
587
315
34
481
189
163
340
359
96
145
350
145
408
74
269
144
12
114
399
233
2
423
221
248
113
75
149
200
124
25
112
182
246
548
496
87
207
298
146
190
514
655
153
32
212
15
57
180
33
128
100
518
445
84
15
478
42
91
660
77
147
453
47
722
709
139
277
50
11
229
548
216
192
304
56
4
444
307

Direction Based A* time stamp:
4
64
23
231
231
442
25
68
36
62
119
221
80
81
260
862
110
302
402
229
186
80
481
340
31
623
187
303
191
300
29
271
360
163
308
84
316
117
14
58
321
204
2
199
418
243
46
86
148
105
88
24
38
223
190
487
403
126
117
112
63
136
549
221
122
46
91
12
24
211
40
182
62
307
337
41
16
441
20
139
524
108
134
336
83
550
568
116
323
44
11
131
659
108
107
260
36
3
207
356
